Natural temperature
20      19,9073 20,0137 20,2962 20,7316 21,297  21,9692 22,7252 23,5419 24,3962 25,265  26,1252 26,9538 27,7278 28,4239 29,0192 29,4906 29,815  29,9692 29,9303 29,6752 29,1808 28,4239 27,3816 26,0308 24,3483 22,3111 19,8962 17,0803 13,8406

Nonlineal model
20      20,5    26,4434 33,2344 37,3023 37,5719 35,0897 32,3512 31,3403 32,3725 34,7126 37,3877 39,4011 39,9648 39,0161 37,4495 36,4977 36,7241 37,6882 38,4721 38,4083 37,5077 36,4166 35,9348 36,2336 36,0422 33,5744 30,312  28,1857 25,2316

Nonlineal model control
36      22,4222 26,8497 28,1515 26,6891 24,0987 21,966  21,5516 22,6959 24,2641 25,4495 25,9901 25,7698 24,8552 23,746 23,2002  23,577  24,4649 25,1185 25,1127 24,5556 23,9225 23,7217 24,1405 24,7568 24,4347 22,6346 21,7893 22,4057 21,5621

Lineal model
20      20,0583 20,267  20,4907 20,6891 20,8533 20,9851 21,0888 21,1695 21,2318 21,2795 21,3159 21,3436 21,3645 21,3804 21,3923 21,4013 21,4081 21,4132 21,417  21,4199 21,4221 21,4237 21,4249 21,4258 21,4265 21,427  21,4274 21,4277 21,4279

Lineal model control
20,03   20,1561 20,4432 20,5297 20,5521 20,5567 20,5589 20,5639 20,5731 20,5866 20,6038 20,6242 20,6472 20,6723 20,699 20,7271  20,7561 20,7859 20,8162 20,847  20,8781 20,9095 20,9411 20,9728 21,0046 21,0365 21,0685 21,1005 21,1325 21,1646
